500 0.114282 0.003876 0.002160 0.002081 0.002228 0.002305 0.002212
1000 0.494979 0.010540 0.006285 0.004415 0.006433 0.005218 0.004185
1500 1.382225 0.016833 0.010665 0.010470 0.011969 0.011462 0.009430
2000 2.218517 0.017154 0.011310 0.010019 0.009813 0.009865 0.009244
2500 4.299713 0.030021 0.024125 0.017845 0.017443 0.015648 0.015247
3000 6.110270 0.043624 0.032713 0.026099 0.026196 0.022409 0.019712
3500 8.664604 0.043057 0.029577 0.025714 0.023875 0.022410 0.022808
4000 11.329182 0.051946 0.044937 0.036436 0.028864 0.029203 0.027442
4500 13.350420 0.056749 0.053058 0.039067 0.033127 0.030000 0.028127
5000 19.889643 0.065310 0.059160 0.045428 0.042143 0.041173 0.033795
