1 0.000010 0.000012 0.000010
2 0.000010 0.000012 0.000008
3 0.000010 0.000012 0.000009
4 0.000010 0.000012 0.000005
5 0.000010 0.000012 0.000005
6 0.000010 0.000012 0.000005
7 0.000010 0.000012 0.000006
8 0.000010 0.000012 0.000006
9 0.000010 0.000012 0.000006
10 0.000010 0.000012 0.000006
11 0.000010 0.000012 0.000006
12 0.000010 0.000012 0.000007
13 0.000010 0.000012 0.000004
14 0.000010 0.000012 0.000004
15 0.000010 0.000012 0.000004
16 0.000010 0.000012 0.000004
17 0.000010 0.000012 0.000004
18 0.000010 0.000012 0.000003
19 0.000010 0.000012 0.000006
20 0.000010 0.000012 0.000004
21 0.000010 0.000012 0.000003
22 0.000010 0.000012 0.000003
23 0.000010 0.000012 0.000003
24 0.000010 0.000012 0.000003
25 0.000010 0.000012 0.000004
26 0.000010 0.000012 0.000006
27 0.000010 0.000012 0.000003
28 0.000010 0.000012 0.000004
29 0.000010 0.000012 0.000004
30 0.000010 0.000012 0.000005
